camera_matrix:
- - 658.7517988288847
  - 0.0
  - 345.761563890623
- - 0.0
  - 658.7471848239579
  - 219.09687085229677
- - 0.0
  - 0.0
  - 1.0
dist_coeff:
- - -0.0973527135463082
  - -0.27889598052718867
  - -0.005411248548425504
  - 0.0037209727248775676
  - 1.0207556739081236
